0.000000	0.000000	-5000.000000	0.000000	5000.000000	0.000000	0.000000	-5000.000000	0.000000	5000.000000	
0.000000	0.000000	-4999.949933	-10.000000	4999.949933	10.000000	10.000000	-4999.949933	-10.000000	4999.949933	
0.000000	-0.000000	-4999.849798	-19.999900	4999.849798	19.999900	19.999899	-4999.849798	-19.999899	4999.849798	
0.000000	-0.000000	-4999.699595	-29.999599	4999.699595	29.999599	29.999599	-4999.699595	-29.999598	4999.699595	
0.000000	-0.000000	-4999.499321	-39.998999	4999.499321	39.998998	39.998997	-4999.499321	-39.998997	4999.499321	
0.000000	-0.000000	-4999.248975	-49.997997	4999.248975	49.997997	49.997995	-4999.248975	-49.997995	4999.248975	
0.000000	-0.000000	-4998.948554	-59.996495	4998.948554	59.996495	59.996492	-4998.948554	-59.996491	4998.948554	
0.000000	-0.000000	-4998.598057	-69.994392	4998.598057	69.994391	69.994387	-4998.598057	-69.994387	4998.598057	
0.000000	-0.000000	-4998.197478	-79.991587	4998.197478	79.991586	79.991582	-4998.197478	-79.991581	4998.197478	
0.000000	-0.000000	-4997.746816	-89.987981	4997.746816	89.987980	89.987974	-4997.746816	-89.987973	4997.746816	
0.000000	-0.000000	-4997.246067	-99.983473	4997.246067	99.983472	99.983465	-4997.246067	-99.983464	4997.246067	
0.000000	-0.000000	-4996.695225	-109.977963	4996.695225	109.977962	109.977953	-4996.695225	-109.977952	4996.695225	
0.000000	-0.000000	-4996.094286	-119.971350	4996.094286	119.971349	119.971338	-4996.094286	-119.971337	4996.094286	
0.000000	-0.000000	-4995.443245	-129.963534	4995.443245	129.963532	129.963521	-4995.443245	-129.963519	4995.443245	
0.000000	-0.000000	-4994.742097	-139.954415	4994.742097	139.954413	139.954399	-4994.742097	-139.954397	4994.742097	
0.000000	-0.000000	-4993.990835	-149.943891	4993.990835	149.943889	149.943873	-4993.990835	-149.943871	4993.990835	
0.000000	-0.000000	-4993.189454	-159.931862	4993.189454	159.931860	159.931842	-4993.189454	-159.931840	4993.189454	
0.000000	-0.000000	-4992.337946	-169.918228	4992.337946	169.918225	169.918205	-4992.337946	-169.918203	4992.337946	
0.000000	-0.000000	-4991.436304	-179.902888	4991.436304	179.902885	179.902862	-4991.436304	-179.902859	4991.436304	
0.000000	-0.000000	-4990.484521	-189.885740	4990.484521	189.885737	189.885712	-4990.484521	-189.885708	4990.484521	
0.000000	-0.000000	-4989.482589	-199.866684	4989.482589	199.866680	199.866653	-4989.482589	-199.866649	4989.482589	
0.000000	-0.000000	-4988.430500	-209.845619	4988.430500	209.845615	209.845585	-4988.430500	-209.845581	4988.430499	
0.000000	-0.000000	-4987.328244	-219.822444	4987.328244	219.822439	219.822406	-4987.328244	-219.822402	4987.328244	
0.000000	-0.000000	-4986.175813	-229.797057	4986.175813	229.797052	229.797016	-4986.175812	-229.797011	4986.175812	
0.000000	-0.000000	-4984.973197	-239.769357	4984.973196	239.769352	239.769313	-4984.973196	-239.769307	4984.973196	
0.000000	-0.000000	-4983.720385	-249.739243	4983.720385	249.739237	249.739195	-4983.720385	-249.739189	4983.720385	
0.000000	-0.000000	-4982.417369	-259.706613	4982.417368	259.706607	259.706561	-4982.417368	-259.706555	4982.417368	
0.000000	-0.000000	-4981.064136	-269.671366	4981.064136	269.671359	269.671310	-4981.064135	-269.671303	4981.064135	
0.000000	-0.000000	-4979.660676	-279.633399	4979.660675	279.633392	279.633339	-4979.660675	-279.633332	4979.660674	
0.000000	-0.000000	-4978.206976	-289.592611	4978.206976	289.592604	289.592547	-4978.206975	-289.592539	4978.206975	
0.000000	-0.000000	-4976.703026	-299.548900	4976.703026	299.548892	299.548831	-4976.703025	-299.548823	4976.703025	
0.000000	-0.000000	-4975.148812	-309.502164	4975.148812	309.502155	309.502090	-4975.148811	-309.502081	4975.148811	
0.000000	-0.000000	-4973.544322	-319.452300	4973.544322	319.452290	319.452221	-4973.544321	-319.452212	4973.544321	
0.000000	-0.000000	-4971.889543	-329.399206	4971.889542	329.399196	329.399122	-4971.889541	-329.399112	4971.889541	
0.000000	-0.000000	-4970.184460	-339.342779	4970.184459	339.342768	339.342690	-4970.184459	-339.342680	4970.184458	
0.000000	-0.000000	-4968.429060	-349.282916	4968.429059	349.282905	349.282822	-4968.429058	-349.282811	4968.429058	
0.000000	-0.000000	-4966.623328	-359.219516	4966.623328	359.219504	359.219416	-4966.623327	-359.219405	4966.623326	
0.000000	-0.000000	-4964.767250	-369.152474	4964.767249	369.152461	369.152369	-4964.767248	-369.152356	4964.767248	
0.000000	-0.000000	-4962.860810	-379.081687	4962.860809	379.081674	379.081576	-4962.860808	-379.081563	4962.860807	
0.000000	-0.000000	-4960.903992	-389.007052	4960.903991	389.007038	389.006936	-4960.903990	-389.006922	4960.903989	
0.000000	-0.000000	-4958.896780	-398.928466	4958.896779	398.928451	398.928343	-4958.896778	-398.928329	4958.896777	
0.000000	-0.000000	-4956.839159	-408.845824	4956.839158	408.845809	408.845696	-4956.839156	-408.845681	4956.839155	
0.000000	-0.000000	-4954.731109	-418.759023	4954.731108	418.759007	418.758888	-4954.731107	-418.758872	4954.731106	
0.000000	-0.000000	-4952.572616	-428.667959	4952.572615	428.667942	428.667817	-4952.572613	-428.667801	4952.572612	
0.000000	-0.000000	-4950.363660	-438.572526	4950.363659	438.572509	438.572379	-4950.363657	-438.572361	4950.363656	
0.000000	-0.000000	-4948.104223	-448.472622	4948.104222	448.472604	448.472468	-4948.104220	-448.472449	4948.104219	
0.000000	-0.000000	-4945.794287	-458.368140	4945.794286	458.368121	458.367979	-4945.794284	-458.367960	4945.794283	
0.000000	-0.000000	-4943.433833	-468.258977	4943.433832	468.258957	468.258809	-4943.433830	-468.258789	4943.433829	
0.000000	-0.000000	-4941.022842	-478.145026	4941.022840	478.145006	478.144851	-4941.022838	-478.144830	4941.022837	
0.000000	-0.000000	-4938.561293	-488.026183	4938.561291	488.026162	488.026001	-4938.561289	-488.025979	4938.561287	
0.000000	-0.000000	-4936.049166	-497.902342	4936.049164	497.902320	497.902152	-4936.049162	-497.902130	4936.049160	
0.000000	-0.000000	-4933.486440	-507.773397	4933.486439	507.773374	507.773200	-4933.486436	-507.773176	4933.486434	
0.000000	-0.000000	-4930.873095	-517.639243	4930.873093	517.639218	517.639037	-4930.873091	-517.639012	4930.873089	
0.000000	-0.000000	-4928.209109	-527.499771	4928.209107	527.499746	527.499558	-4928.209104	-527.499532	4928.209102	
0.000000	-0.000000	-4925.494459	-537.354877	4925.494457	537.354851	537.354655	-4925.494454	-537.354629	4925.494452	
0.000000	-0.000000	-4922.729124	-547.204454	4922.729122	547.204426	547.204224	-4922.729119	-547.204196	4922.729117	
0.000000	-0.000000	-4919.913081	-557.048393	4919.913079	557.048365	557.048155	-4919.913075	-557.048127	4919.913073	
0.000000	-0.000000	-4917.046306	-566.886589	4917.046304	566.886560	566.886342	-4917.046300	-566.886313	4917.046298	
0.000000	-0.000000	-4914.128776	-576.718933	4914.128773	576.718903	576.718677	-4914.128770	-576.718647	4914.128767	
0.000000	-0.000000	-4911.160466	-586.545318	4911.160464	586.545286	586.545053	-4911.160460	-586.545022	4911.160457	
0.000000	-0.000000	-4908.141353	-596.365635	4908.141350	596.365603	596.365361	-4908.141346	-596.365329	4908.141343	
0.000000	-0.000000	-4905.071410	-606.179776	4905.071407	606.179743	606.179493	-4905.071403	-606.179460	4905.071400	
0.000000	-0.000000	-4901.950614	-615.987632	4901.950611	615.987598	615.987340	-4901.950606	-615.987306	4901.950603	
0.000000	-0.000000	-4898.778937	-625.789095	4898.778934	625.789060	625.788793	-4898.778930	-625.788758	4898.778926	
0.000000	-0.000000	-4895.556355	-635.584055	4895.556351	635.584018	635.583744	-4895.556346	-635.583707	4895.556343	
0.000000	-0.000000	-4892.282839	-645.372402	4892.282835	645.372364	645.372081	-4892.282830	-645.372043	4892.282827	
0.000000	-0.000000	-4888.958363	-655.154027	4888.958359	655.153988	655.153696	-4888.958354	-655.153657	4888.958350	
0.000000	-0.000000	-4885.582900	-664.928819	4885.582896	664.928779	664.928478	-4885.582890	-664.928437	4885.582886	
0.000000	-0.000000	-4882.156421	-674.696668	4882.156417	674.696626	674.696316	-4882.156411	-674.696275	4882.156407	
0.000000	-0.000000	-4878.678898	-684.457463	4878.678894	684.457420	684.457101	-4878.678888	-684.457058	4878.678884	
0.000000	-0.000000	-4875.150303	-694.211092	4875.150298	694.211048	694.210720	-4875.150292	-694.210676	4875.150288	
0.000000	-0.000000	-4871.570605	-703.957445	4871.570600	703.957400	703.957062	-4871.570594	-703.957016	4871.570589	
0.000000	-0.000000	-4867.939776	-713.696409	4867.939771	713.696362	713.696015	-4867.939764	-713.695968	4867.939759	
0.000000	-0.000000	-4864.257785	-723.427872	4864.257779	723.427824	723.427467	-4864.257772	-723.427419	4864.257767	
0.000000	-0.000000	-4860.524601	-733.151722	4860.524595	733.151672	733.151305	-4860.524588	-733.151256	4860.524583	
0.000000	-0.000000	-4856.740193	-742.867845	4856.740188	742.867794	742.867417	-4856.740180	-742.867366	4856.740175	
0.000000	-0.000000	-4852.904531	-752.576128	4852.904525	752.576076	752.575688	-4852.904518	-752.575636	4852.904512	
0.000000	-0.000000	-4849.017582	-762.276458	4849.017576	762.276404	762.276007	-4849.017568	-762.275953	4849.017562	
0.000000	-0.000000	-4845.079313	-771.968720	4845.079307	771.968665	771.968257	-4845.079298	-771.968202	4845.079292	
0.000000	-0.000000	-4841.089692	-781.652801	4841.089686	781.652744	781.652325	-4841.089677	-781.652269	4841.089671	
0.000000	-0.000000	-4837.048686	-791.328584	4837.048679	791.328526	791.328097	-4837.048670	-791.328039	4837.048664	
0.000000	-0.000000	-4832.956261	-800.995956	4832.956254	800.995896	800.995456	-4832.956244	-800.995397	4832.956238	
0.000000	-0.000000	-4828.812382	-810.654800	4828.812375	810.654739	810.654287	-4828.812365	-810.654227	4828.812358	
0.000000	-0.000000	-4824.617016	-820.305000	4824.617008	820.304938	820.304475	-4824.616998	-820.304413	4824.616991	
0.000000	-0.000000	-4820.370126	-829.946440	4820.370119	829.946376	829.945902	-4820.370108	-829.945838	4820.370100	
0.000000	-0.000000	-4816.071678	-839.579003	4816.071670	839.578937	839.578452	-4816.071660	-839.578387	4816.071652	
0.000000	-0.000000	-4811.721636	-849.202571	4811.721628	849.202504	849.202007	-4811.721617	-849.201940	4811.721608	
0.000000	-0.000000	-4807.319963	-858.817028	4807.319954	858.816959	858.816450	-4807.319943	-858.816382	4807.319934	
0.000000	-0.000000	-4802.866622	-868.422254	4802.866613	868.422183	868.421663	-4802.866601	-868.421593	4802.866592	
0.000000	-0.000000	-4798.361576	-878.018131	4798.361567	878.018059	878.017526	-4798.361554	-878.017455	4798.361545	
0.000000	-0.000000	-4793.804787	-887.604540	4793.804777	887.604466	887.603922	-4793.804764	-887.603848	4793.804755	
0.000000	-0.000000	-4789.196217	-897.181361	4789.196207	897.181286	897.180729	-4789.196194	-897.180654	4789.196184	
0.000000	-0.000000	-4784.535827	-906.748475	4784.535817	906.748398	906.747829	-4784.535803	-906.747752	4784.535793	
0.000000	-0.000000	-4779.823578	-916.305760	4779.823567	916.305682	916.305100	-4779.823553	-916.305021	4779.823542	
0.000000	-0.000000	-4775.059430	-925.853097	4775.059419	925.853017	925.852422	-4775.059404	-925.852342	4775.059393	
0.000000	-0.000000	-4770.243343	-935.390363	4770.243332	935.390281	935.389673	-4770.243317	-935.389591	4770.243305	
0.000000	-0.000000	-4765.375277	-944.917436	4765.375265	944.917352	944.916732	-4765.375250	-944.916648	4765.375238	
0.000000	-0.000000	-4760.455190	-954.434194	4760.455178	954.434109	954.433475	-4760.455162	-954.433389	4760.455150	
0.000000	-0.000000	-4755.483042	-963.940514	4755.483029	963.940427	963.939780	-4755.483013	-963.939693	4755.483000	
0.000000	-0.000000	-4750.458789	-973.436273	4750.458776	973.436184	973.435523	-4750.458759	-973.435434	4750.458746	
0.000000	-0.000000	-4745.382390	-982.921346	4745.382377	982.921255	982.920581	-4745.382359	-982.920490	4745.382346	
0.000000	-0.000000	-4740.253801	-992.395609	4740.253788	992.395516	992.394828	-4740.253769	-992.394735	4740.253756	
0.000000	-0.000000	-4735.072980	-1001.858937	4735.072966	1001.858842	1001.858140	-4735.072947	-1001.858045	4735.072933	
0.000000	-0.000000	-4729.839881	-1011.311204	4729.839867	1011.311107	1011.310391	-4729.839847	-1011.310294	4729.839833	
0.000000	-0.000000	-4724.554462	-1020.752284	4724.554447	1020.752185	1020.751455	-4724.554427	-1020.751356	4724.554412	
0.000000	-0.000000	-4719.216676	-1030.182050	4719.216661	1030.181949	1030.181205	-4719.216640	-1030.181104	4719.216625	
0.000000	-0.000000	-4713.826479	-1039.600375	4713.826463	1039.600272	1039.599513	-4713.826442	-1039.599410	4713.826427	
0.000000	-0.000000	-4708.383825	-1049.007130	4708.383809	1049.007026	1049.006252	-4708.383787	-1049.006148	4708.383771	
0.000000	-0.000000	-4702.888667	-1058.402189	4702.888651	1058.402082	1058.401294	-4702.888628	-1058.401187	4702.888612	
0.000000	-0.000000	-4697.340959	-1067.785420	4697.340942	1067.785312	1067.784508	-4697.340919	-1067.784399	4697.340902	
0.000000	-0.000000	-4691.740653	-1077.156696	4691.740636	1077.156585	1077.155766	-4691.740612	-1077.155656	4691.740594	
0.000000	-0.000000	-4686.087702	-1086.515884	4686.087684	1086.515771	1086.514938	-4686.087660	-1086.514825	4686.087642	
0.000000	-0.000000	-4680.382057	-1095.862855	4680.382039	1095.862740	1095.861891	-4680.382014	-1095.861776	4680.381995	
0.000000	-0.000000	-4674.623670	-1105.197477	4674.623651	1105.197360	1105.196496	-4674.623625	-1105.196378	4674.623606	
0.000000	-0.000000	-4668.812491	-1114.519618	4668.812471	1114.519499	1114.518618	-4668.812445	-1114.518499	4668.812425	
0.000000	-0.000000	-4662.948470	-1123.829145	4662.948450	1123.829023	1123.828127	-4662.948423	-1123.828005	4662.948403	
0.000000	-0.000000	-4657.031558	-1133.125924	4657.031537	1133.125800	1133.124888	-4657.031509	-1133.124764	4657.031488	
0.000000	-0.000000	-4651.061703	-1142.409821	4651.061682	1142.409695	1142.408767	-4651.061653	-1142.408641	4651.061632	
0.000000	-0.000000	-4645.038854	-1151.680702	4645.038833	1151.680573	1151.679629	-4645.038803	-1151.679501	4645.038781	
0.000000	-0.000000	-4638.962960	-1160.938430	4638.962938	1160.938300	1160.937339	-4638.962907	-1160.937208	4638.962885	
0.000000	-0.000000	-4632.833968	-1170.182871	4632.833945	1170.182738	1170.181761	-4632.833913	-1170.181628	4632.833890	
0.000000	-0.000000	-4626.651825	-1179.413886	4626.651801	1179.413751	1179.412757	-4626.651769	-1179.412622	4626.651745	
0.000000	-0.000000	-4620.416478	-1188.631339	4620.416454	1188.631202	1188.630191	-4620.416421	-1188.630053	4620.416396	
0.000000	-0.000000	-4614.127873	-1197.835091	4614.127849	1197.834951	1197.833923	-4614.127814	-1197.833783	4614.127790	
0.000000	-0.000000	-4607.785957	-1207.025004	4607.785931	1207.024861	1207.023816	-4607.785896	-1207.023673	4607.785871	
0.000000	-0.000000	-4601.390673	-1216.200936	4601.390647	1216.200791	1216.199728	-4601.390611	-1216.199584	4601.390585	
0.000000	-0.000000	-4594.941967	-1225.362748	4594.941940	1225.362601	1225.361521	-4594.941903	-1225.361373	4594.941877	
0.000000	-0.000000	-4588.439783	-1234.510299	4588.439755	1234.510150	1234.509051	-4588.439718	-1234.508902	4588.439690	
0.000000	-0.000000	-4581.884064	-1243.643447	4581.884036	1243.643295	1243.642179	-4581.883997	-1243.642026	4581.883969	
0.000000	-0.000000	-4575.274754	-1252.762048	4575.274725	1252.761894	1252.760760	-4575.274685	-1252.760605	4575.274657	
0.000000	-0.000000	-4568.611795	-1261.865960	4568.611765	1261.865803	1261.864651	-4568.611725	-1261.864493	4568.611695	
0.000000	-0.000000	-4561.895129	-1270.955038	4561.895099	1270.954878	1270.953707	-4561.895057	-1270.953548	4561.895027	
0.000000	-0.000000	-4555.124697	-1280.029136	4555.124666	1280.028974	1280.027785	-4555.124624	-1280.027623	4555.124593	
0.000000	-0.000000	-4548.300441	-1289.088110	4548.300410	1289.087945	1289.086737	-4548.300366	-1289.086572	4548.300334	
0.000000	-0.000000	-4541.422302	-1298.131811	4541.422269	1298.131644	1298.130417	-4541.422224	-1298.130250	4541.422192	
0.000000	-0.000000	-4534.490218	-1307.160093	4534.490185	1307.159923	1307.158677	-4534.490138	-1307.158507	4534.490105	
0.000000	-0.000000	-4527.504129	-1316.172807	4527.504095	1316.172635	1316.171370	-4527.504048	-1316.171197	4527.504014	
0.000000	-0.000000	-4520.463974	-1325.169804	4520.463940	1325.169629	1325.168344	-4520.463891	-1325.168169	4520.463856	
0.000000	-0.000000	-4513.369692	-1334.150933	4513.369657	1334.150755	1334.149451	-4513.369607	-1334.149273	4513.369571	
0.000000	-0.000000	-4506.221220	-1343.116044	4506.221184	1343.115863	1343.114540	-4506.221133	-1343.114359	4506.221096	
0.000000	-0.000000	-4499.018495	-1352.064985	4499.018458	1352.064801	1352.063457	-4499.018406	-1352.063274	4499.018369	
0.000000	-0.000000	-4491.761454	-1360.997602	4491.761416	1360.997415	1360.996052	-4491.761363	-1360.995865	4491.761325	
0.000000	-0.000000	-4484.450034	-1369.913742	4484.449995	1369.913552	1369.912169	-4484.449940	-1369.911979	4484.449901	
0.000000	-0.000000	-4477.084168	-1378.813250	4477.084129	1378.813057	1378.811654	-4477.084073	-1378.811461	4477.084033	
0.000000	-0.000000	-4469.663794	-1387.695971	4469.663753	1387.695775	1387.694351	-4469.663696	-1387.694156	4469.663655	
0.000000	-0.000000	-4462.188844	-1396.561748	4462.188803	1396.561550	1396.560105	-4462.188744	-1396.559907	4462.188703	
0.000000	-0.000000	-4454.659254	-1405.410423	4454.659211	1405.410222	1405.408757	-4454.659151	-1405.408556	4454.659109	
0.000000	-0.000000	-4447.074956	-1414.241839	4447.074912	1414.241635	1414.240149	-4447.074851	-1414.239944	4447.074807	
0.000000	-0.000000	-4439.435882	-1423.055836	4439.435838	1423.055629	1423.054121	-4439.435775	-1423.053914	4439.435731	
0.000000	-0.000000	-4431.741966	-1431.852252	4431.741921	1431.852042	1431.850513	-4431.741857	-1431.850303	4431.741811	
0.000000	-0.000000	-4423.993139	-1440.630928	4423.993093	1440.630715	1440.629164	-4423.993027	-1440.628951	4423.992981	
0.000000	-0.000000	-4416.189332	-1449.391700	4416.189284	1449.391483	1449.389911	-4416.189217	-1449.389695	4416.189170	
0.000000	0.000000	-4408.330475	-1458.134404	4408.330427	1458.134185	1458.132590	-4408.330358	-1458.132371	4408.330310	
0.000000	0.000000	-4400.416498	-1466.858877	4400.416449	1466.858654	1466.857038	-4400.416379	-1466.856815	4400.416329	
0.000000	0.000000	-4392.447331	-1475.564952	4392.447281	1475.564726	1475.563088	-4392.447209	-1475.562862	4392.447159	
0.000000	0.000000	-4384.422903	-1484.252463	4384.422852	1484.252234	1484.250573	-4384.422778	-1484.250344	4384.422727	
0.000000	0.000000	-4376.343141	-1492.921242	4376.343089	1492.921010	1492.919326	-4376.343013	-1492.919094	4376.342961	
0.000000	0.000000	-4368.207973	-1501.571120	4368.207920	1501.570885	1501.569179	-4368.207843	-1501.568943	4368.207789	
0.000000	0.000000	-4360.017327	-1510.201928	4360.017272	1510.201689	1510.199960	-4360.017194	-1510.199721	4360.017139	
0.000000	0.000000	-4351.771128	-1518.813493	4351.771073	1518.813251	1518.811499	-4351.770992	-1518.811257	4351.770936	
0.000000	0.000000	-4343.469303	-1527.405644	4343.469246	1527.405399	1527.403624	-4343.469164	-1527.403379	4343.469107	
0.000000	0.000000	-4335.111777	-1535.978208	4335.111719	1535.977960	1535.976160	-4335.111635	-1535.975912	4335.111577	
0.000000	0.000000	-4326.698474	-1544.531009	4326.698415	1544.530758	1544.528935	-4326.698329	-1544.528683	4326.698270	
0.000000	0.000000	-4318.229319	-1553.063873	4318.229258	1553.063618	1553.061771	-4318.229170	-1553.061516	4318.229110	
0.000000	0.000000	-4309.704234	-1561.576621	4309.704172	1561.576362	1561.574492	-4309.704083	-1561.574233	4309.704021	
0.000000	0.000000	-4301.123144	-1570.069076	4301.123081	1570.068814	1570.066919	-4301.122989	-1570.066657	4301.122926	
0.000000	0.000000	-4292.485969	-1578.541059	4292.485905	1578.540793	1578.538874	-4292.485811	-1578.538608	4292.485747	
0.000000	0.000000	-4283.792632	-1586.992388	4283.792567	1586.992118	1586.990174	-4283.792472	-1586.989905	4283.792406	
0.000000	0.000000	-4275.043055	-1595.422881	4275.042988	1595.422609	1595.420640	-4275.042890	-1595.420367	4275.042824	
0.000000	0.000000	-4266.237156	-1603.832356	4266.237088	1603.832080	1603.830086	-4266.236988	-1603.829810	4266.236920	
0.000000	0.000000	-4257.374857	-1612.220628	4257.374787	1612.220348	1612.218329	-4257.374686	-1612.218049	4257.374616	
0.000000	0.000000	-4248.456076	-1620.587511	4248.456005	1620.587228	1620.585183	-4248.455901	-1620.584900	4248.455830	
0.000000	0.000000	-4239.480731	-1628.932818	4239.480659	1628.932531	1628.930461	-4239.480553	-1628.930174	4239.480481	
0.000000	0.000000	-4230.448742	-1637.256360	4230.448669	1637.256069	1637.253973	-4230.448560	-1637.253682	4230.448487	
0.000000	0.000000	-4221.360025	-1645.557948	4221.359950	1645.557653	1645.555531	-4221.359840	-1645.555237	4221.359765	
0.000000	0.000000	-4212.214497	-1653.837389	4212.214421	1653.837091	1653.834943	-4212.214308	-1653.834644	4212.214232	
0.000000	0.000000	-4203.012074	-1662.094492	4203.011997	1662.094190	1662.092016	-4203.011882	-1662.091713	4203.011804	
0.000000	0.000000	-4193.752672	-1670.329063	4193.752593	1670.328756	1670.326556	-4193.752476	-1670.326250	4193.752397	
0.000000	0.000000	-4184.436206	-1678.540905	4184.436125	1678.540595	1678.538367	-4184.436005	-1678.538057	4184.435925	
0.000000	0.000000	-4175.062589	-1686.729822	4175.062507	1686.729508	1686.727254	-4175.062384	-1686.726939	4175.062302	
0.000000	0.000000	-4165.631735	-1694.895615	4165.631652	1694.895297	1694.893016	-4165.631527	-1694.892698	4165.631443	
0.000000	0.000000	-4156.143558	-1703.038085	4156.143473	1703.037763	1703.035454	-4156.143345	-1703.035132	4156.143260	
0.000000	0.000000	-4146.597969	-1711.157029	4146.597882	1711.156703	1711.154367	-4146.597752	-1711.154041	4146.597665	
0.000000	0.000000	-4136.994881	-1719.252245	4136.994792	1719.251915	1719.249551	-4136.994659	-1719.249221	4136.994571	
0.000000	0.000000	-4127.334203	-1727.323529	4127.334113	1727.323195	1727.320803	-4127.333978	-1727.320469	4127.333888	
0.000000	0.000000	-4117.615848	-1735.370674	4117.615756	1735.370336	1735.367915	-4117.615618	-1735.367577	4117.615526	
0.000000	0.000000	-4107.839723	-1743.393472	4107.839630	1743.393130	1743.390681	-4107.839489	-1743.390339	4107.839396	
0.000000	0.000000	-4098.005740	-1751.391714	4098.005645	1751.391368	1751.388890	-4098.005501	-1751.388544	4098.005406	
0.000000	0.000000	-4088.113805	-1759.365189	4088.113708	1759.364839	1759.362333	-4088.113562	-1759.361982	4088.113465	
0.000000	0.000000	-4078.163827	-1767.313685	4078.163728	1767.313330	1767.310795	-4078.163579	-1767.310440	4078.163480	
0.000000	0.000000	-4068.155712	-1775.236987	4068.155612	1775.236627	1775.234063	-4068.155460	-1775.233704	4068.155360	
0.000000	0.000000	-4058.089368	-1783.134879	4058.089266	1783.134515	1783.131921	-4058.089111	-1783.131558	4058.089009	
0.000000	0.000000	-4047.964700	-1791.007143	4047.964596	1791.006775	1791.004151	-4047.964438	-1791.003783	4047.964334	
0.000000	0.000000	-4037.781613	-1798.853560	4037.781508	1798.853187	1798.850534	-4037.781346	-1798.850161	4037.781240	
0.000000	0.000000	-4027.540012	-1806.673908	4027.539905	1806.673531	1806.670848	-4027.539740	-1806.670471	4027.539632	
0.000000	0.000000	-4017.239800	-1814.467965	4017.239691	1814.467583	1814.464870	-4017.239523	-1814.464489	4017.239414	
0.000000	0.000000	-4006.880881	-1822.235505	4006.880770	1822.235119	1822.232375	-4006.880598	-1822.231989	4006.880487	
0.000000	0.000000	-3996.463157	-1829.976303	3996.463044	1829.975912	1829.973137	-3996.462869	-1829.972747	3996.462756	
0.000000	0.000000	-3985.986529	-1837.690129	3985.986414	1837.689733	1837.686928	-3985.986236	-1837.686532	3985.986121	
0.000000	0.000000	-3975.450900	-1845.376752	3975.450783	1845.376352	1845.373515	-3975.450602	-1845.373115	3975.450484	
0.000000	0.000000	-3964.856169	-1853.035941	3964.856050	1853.035537	1853.032668	-3964.855865	-1853.032264	3964.855746	
0.000000	0.000000	-3954.202236	-1860.667461	3954.202115	1860.667052	1860.664152	-3954.201926	-1860.663742	3954.201805	
0.000000	0.000000	-3943.489000	-1868.271076	3943.488877	1868.270662	1868.267730	-3943.488685	-1868.267316	3943.488562	
0.000000	0.000000	-3932.716360	-1875.846547	3932.716235	1875.846128	1875.843164	-3932.716039	-1875.842745	3932.715914	
0.000000	0.000000	-3921.884213	-1883.393635	3921.884085	1883.393211	1883.390214	-3921.883886	-1883.389791	3921.883758	
0.000000	0.000000	-3910.992456	-1890.912096	3910.992326	1890.911667	1890.908638	-3910.992123	-1890.908210	3910.991994	
0.000000	0.000000	-3900.040986	-1898.401687	3900.040854	1898.401253	1898.398191	-3900.040647	-1898.397757	3900.040515	
0.000000	0.000000	-3889.029698	-1905.862160	3889.029564	1905.861722	1905.858626	-3889.029353	-1905.858188	3889.029219	
0.000000	0.000000	-3877.958487	-1913.293268	3877.958351	1913.292824	1913.289695	-3877.958136	-1913.289252	3877.958000	
0.000000	0.000000	-3866.827247	-1920.694759	3866.827109	1920.694310	1920.691148	-3866.826890	-1920.690699	3866.826751	
0.000000	0.000000	-3855.635873	-1928.066380	3855.635732	1928.065926	1928.062730	-3855.635509	-1928.062276	3855.635368	
0.000000	0.000000	-3844.384256	-1935.407876	3844.384113	1935.407417	1935.404187	-3844.383886	-1935.403728	3844.383743	
0.000000	0.000000	-3833.072289	-1942.718990	3833.072144	1942.718526	1942.715261	-3833.071912	-1942.714797	3833.071767	
0.000000	0.000000	-3821.699864	-1949.999461	3821.699716	1949.998992	1949.995692	-3821.699480	-1949.995223	3821.699332	
0.000000	0.000000	-3810.266870	-1957.249028	3810.266720	1957.248553	1957.245219	-3810.266480	-1957.244745	3810.266330	
0.000000	0.000000	-3798.773199	-1964.467426	3798.773047	1964.466946	1964.463577	-3798.772802	-1964.463097	3798.772649	
0.000000	0.000000	-3787.218740	-1971.654389	3787.218585	1971.653903	1971.650499	-3787.218336	-1971.650013	3787.218180	
0.000000	0.000000	-3775.603380	-1978.809646	3775.603223	1978.809156	1978.805715	-3775.602969	-1978.805225	3775.602811	
0.000000	0.000000	-3763.927009	-1985.932927	3763.926849	1985.932431	1985.928955	-3763.926591	-1985.928459	3763.926430	
0.000000	0.000000	-3752.189513	-1993.023958	3752.189350	1993.023456	1993.019943	-3752.189087	-1993.019442	3752.188925	
0.000000	0.000000	-3740.390779	-2000.082460	3740.390614	2000.081953	2000.078404	-3740.390346	-2000.077897	3740.390181	
0.000000	0.000000	-3728.530693	-2007.108157	3728.530525	2007.107644	2007.104058	-3728.530252	-2007.103545	3728.530084	
0.000000	0.000000	-3716.609139	-2014.100764	3716.608969	2014.100246	2014.096623	-3716.608691	-2014.096105	3716.608520	
0.000000	0.000000	-3704.626003	-2021.059999	3704.625830	2021.059475	2021.055815	-3704.625547	-2021.055291	3704.625373	
0.000000	0.000000	-3692.581168	-2027.985574	3692.580991	2027.985044	2027.981347	-3692.580704	-2027.980817	3692.580527	
0.000000	0.000000	-3680.474516	-2034.877199	3680.474337	2034.876663	2034.872928	-3680.474044	-2034.872392	3680.473865	
0.000000	0.000000	-3668.305931	-2041.734582	3668.305749	2041.734040	2041.730267	-3668.305450	-2041.729725	3668.305269	
0.000000	0.000000	-3656.075293	-2048.557428	3656.075108	2048.556880	2048.553068	-3656.074804	-2048.552520	3656.074620	
0.000000	0.000000	-3643.782484	-2055.345437	3643.782296	2055.344884	2055.341033	-3643.781987	-2055.340479	3643.781799	
0.000000	0.000000	-3631.427383	-2062.098310	3631.427192	2062.097751	2062.093861	-3631.426878	-2062.093301	3631.426687	
0.000000	0.000000	-3619.009871	-2068.815743	3619.009677	2068.815177	2068.811248	-3619.009357	-2068.810682	3619.009163	
0.000000	0.000000	-3606.529825	-2075.497428	3606.529628	2075.496856	2075.492888	-3606.529303	-2075.492316	3606.529106	
0.000000	0.000000	-3593.987124	-2082.143057	3593.986925	2082.142478	2082.138470	-3593.986593	-2082.137892	3593.986393	
0.000000	0.000000	-3581.381646	-2088.752315	3581.381443	2088.751731	2088.747682	-3581.381105	-2088.747098	3581.380903	
0.000000	0.000000	-3568.713266	-2095.324888	3568.713060	2095.324297	2095.320208	-3568.712716	-2095.319617	3568.712511	
0.000000	0.000000	-3555.981861	-2101.860457	3555.981652	2101.859859	2101.855729	-3555.981302	-2101.855132	3555.981093	
0.000000	0.000000	-3543.187305	-2108.358698	3543.187093	2108.358095	2108.353924	-3543.186737	-2108.353320	3543.186525	
0.000000	0.000000	-3530.329474	-2114.819288	3530.329258	2114.818678	2114.814465	-3530.328896	-2114.813855	3530.328681	
0.000000	0.000000	-3517.408241	-2121.241898	3517.408022	2121.241281	2121.237026	-3517.407654	-2121.236410	3517.407435	
0.000000	0.000000	-3504.423479	-2127.626195	3504.423257	2127.625571	2127.621275	-3504.422882	-2127.620651	3504.422660	
0.000000	0.000000	-3491.375060	-2133.971844	3491.374835	2133.971214	2133.966875	-3491.374453	-2133.966245	3491.374228	
0.000000	0.000000	-3478.262857	-2140.278507	3478.262628	2140.277871	2140.273489	-3478.262240	-2140.272852	3478.262011	
0.000000	0.000000	-3465.086740	-2146.545843	3465.086507	2146.545199	2146.540774	-3465.086113	-2146.540131	3465.085880	
0.000000	0.000000	-3451.846579	-2152.773505	3451.846343	2152.772854	2152.768386	-3451.845942	-2152.767735	3451.845706	
0.000000	0.000000	-3438.542245	-2158.961144	3438.542005	2158.960486	2158.955974	-3438.541597	-2158.955317	3438.541357	
0.000000	0.000000	-3425.173605	-2165.108408	3425.173362	2165.107743	2165.103187	-3425.172946	-2165.102522	3425.172703	
0.000000	0.000000	-3411.740529	-2171.214940	3411.740282	2171.214268	2171.209668	-3411.739859	-2171.208996	3411.739612	
0.000000	0.000000	-3398.242883	-2177.280381	3398.242632	2177.279702	2177.275057	-3398.242202	-2177.274378	3398.241952	
0.000000	0.000000	-3384.680535	-2183.304366	3384.680281	2183.303680	2183.298990	-3384.679843	-2183.298304	3384.679589	
0.000000	0.000000	-3371.053351	-2189.286529	3371.053093	2189.285835	2189.281099	-3371.052648	-2189.280406	3371.052390	
0.000000	0.000000	-3357.361196	-2195.226497	3357.360934	2195.225796	2195.221015	-3357.360482	-2195.220314	3357.360220	
0.000000	0.000000	-3343.603935	-2201.123896	3343.603670	2201.123187	2201.118359	-3343.603209	-2201.117651	3343.602944	
0.000000	0.000000	-3329.781433	-2206.978345	3329.781164	2206.977629	2206.972755	-3329.780695	-2206.972039	3329.780426	
0.000000	0.000000	-3315.893553	-2212.789462	3315.893279	2212.788739	2212.783817	-3315.892803	-2212.783094	3315.892530	
0.000000	0.000000	-3301.940158	-2218.556859	3301.939880	2218.556128	2218.551159	-3301.939396	-2218.550428	3301.939118	
0.000000	0.000000	-3287.921110	-2224.280144	3287.920828	2224.279405	2224.274389	-3287.920336	-2224.273650	3287.920054	
0.000000	0.000000	-3273.836271	-2229.958921	3273.835985	2229.958175	2229.953110	-3273.835484	-2229.952364	3273.835198	
0.000000	0.000000	-3259.685501	-2235.592791	3259.685211	2235.592036	2235.586923	-3259.684702	-2235.586169	3259.684412	
0.000000	0.000000	-3245.468662	-2241.181347	3245.468368	2241.180585	2241.175423	-3245.467850	-2241.174660	3245.467556	
0.000000	0.000000	-3231.185613	-2246.724182	3231.185315	2246.723412	2246.718200	-3231.184788	-2246.717430	3231.184490	
0.000000	0.000000	-3216.836213	-2252.220882	3216.835910	2252.220103	2252.214842	-3216.835375	-2252.214063	3216.835072	
0.000000	0.000000	-3202.420321	-2257.671027	3202.420014	2257.670241	2257.664929	-3202.419469	-2257.664142	3202.419162	
0.000000	0.000000	-3187.937794	-2263.074197	3187.937483	2263.073402	2263.068039	-3187.936929	-2263.067245	3187.936617	
0.000000	0.000000	-3173.388491	-2268.429962	3173.388174	2268.429159	2268.423745	-3173.387612	-2268.422942	3173.387296	
0.000000	0.000000	-3158.772267	-2273.737891	3158.771946	2273.737079	2273.731614	-3158.771374	-2273.730803	3158.771053	
0.000000	0.000000	-3144.088979	-2278.997546	3144.088654	2278.996726	2278.991209	-3144.088072	-2278.990389	3144.087747	
0.000000	0.000000	-3129.338484	-2284.208485	3129.338154	2284.207656	2284.202087	-3129.337562	-2284.201258	3129.337232	
0.000000	0.000000	-3114.520635	-2289.370261	3114.520300	2289.369423	2289.363802	-3114.519699	-2289.362964	3114.519364	
0.000000	0.000000	-3099.635288	-2294.482421	3099.634948	2294.481575	2294.475900	-3099.634337	-2294.475053	3099.633997	
0.000000	0.000000	-3084.682296	-2299.544509	3084.681952	2299.543653	2299.537924	-3084.681331	-2299.537069	3084.680986	
0.000000	0.000000	-3069.661514	-2304.556060	3069.661165	2304.555195	2304.549412	-3069.660533	-2304.548548	3069.660184	
0.000000	0.000000	-3054.572794	-2309.516606	3054.572440	2309.515733	2309.509895	-3054.571798	-2309.509022	3054.571444	
0.000000	0.000000	-3039.415990	-2314.425675	3039.415630	2314.424793	2314.418900	-3039.414978	-2314.418017	3039.414619	
0.000000	0.000000	-3024.190952	-2319.282787	3024.190588	2319.281895	2319.275947	-3024.189925	-2319.275055	3024.189561	
0.000000	0.000000	-3008.897534	-2324.087457	3008.897165	2324.086555	2324.080551	-3008.896491	-2324.079649	3008.896121	
0.000000	0.000000	-2993.535586	-2328.839193	2993.535211	2328.838283	2328.832222	-2993.534526	-2328.831311	2993.534152	
0.000000	0.000000	-2978.104959	-2333.537501	2978.104579	2333.536581	2333.530463	-2978.103883	-2333.529542	2978.103503	
0.000000	0.000000	-2962.605504	-2338.181878	2962.605119	2338.180947	2338.174772	-2962.604411	-2338.173842	2962.604026	
0.000000	0.000000	-2947.037071	-2342.771814	2947.036680	2342.770874	2342.764641	-2947.035961	-2342.763701	2947.035570	
0.000000	0.000000	-2931.399509	-2347.306797	2931.399113	2347.305847	2347.299555	-2931.398382	-2347.298605	2931.397986	
0.000000	0.000000	-2915.692669	-2351.786304	2915.692267	2351.785344	2351.778993	-2915.691524	-2351.778033	2915.691122	
0.000000	0.000000	-2899.916398	-2356.209810	2899.915991	2356.208840	2356.202429	-2899.915236	-2356.201459	2899.914829	
0.000000	0.000000	-2884.070547	-2360.576780	2884.070133	2360.575800	2360.569329	-2884.069367	-2360.568348	2884.068953	
0.000000	0.000000	-2868.154963	-2364.886676	2868.154544	2364.885685	2364.879153	-2868.153764	-2364.878162	2868.153345	
0.000000	0.000000	-2852.169494	-2369.138949	2852.169070	2369.137948	2369.131354	-2852.168278	-2369.130353	2852.167853	
0.000000	0.000000	-2836.113990	-2373.333047	2836.113559	2373.332035	2373.325380	-2836.112754	-2373.324368	2836.112324	
0.000000	0.000000	-2819.988297	-2377.468410	2819.987860	2377.467388	2377.460670	-2819.987043	-2377.459647	2819.986606	
0.000000	0.000000	-2803.792264	-2381.544470	2803.791821	2381.543437	2381.536656	-2803.790990	-2381.535623	2803.790548	
0.000000	0.000000	-2787.525737	-2385.560654	2787.525289	2385.559610	2385.552765	-2787.524445	-2385.551721	2787.523996	
0.000000	0.000000	-2771.188566	-2389.516379	2771.188111	2389.515324	2389.508415	-2771.187253	-2389.507359	2771.186798	
0.000000	0.000000	-2754.780596	-2393.411057	2754.780134	2393.409990	2393.403016	-2754.779263	-2393.401950	2754.778802	
0.000000	0.000000	-2738.301675	-2397.244091	2738.301207	2397.243013	2397.235974	-2738.300322	-2397.234896	2738.299854	
0.000000	0.000000	-2721.751650	-2401.014878	2721.751176	2401.013789	2401.006683	-2721.750277	-2401.005593	2721.749803	
0.000000	0.000000	-2705.130370	-2404.722806	2705.129889	2404.721705	2404.714532	-2705.128975	-2404.713431	2705.128495	
0.000000	0.000000	-2688.437680	-2408.367254	2688.437193	2408.366142	2408.358902	-2688.436265	-2408.357789	2688.435778	
0.000000	0.000000	-2671.673429	-2411.947597	2671.672936	2411.946472	2411.939164	-2671.671993	-2411.938039	2671.671499	
0.000000	0.000000	-2654.837465	-2415.463197	2654.836964	2415.462060	2415.454683	-2654.836007	-2415.453547	2654.835506	
0.000000	0.000000	-2637.929634	-2418.913411	2637.929127	2418.912262	2418.904816	-2637.928154	-2418.903667	2637.927647	
0.000000	0.000000	-2620.949786	-2422.297587	2620.949272	2422.296426	2422.288909	-2620.948284	-2422.287748	2620.947770	
0.000000	0.000000	-2603.897768	-2425.615063	2603.897247	2425.613889	2425.606302	-2603.896243	-2425.605128	2603.895722	
0.000000	0.000000	-2586.773429	-2428.865170	2586.772901	2428.863983	2428.856324	-2586.771881	-2428.855138	2586.771353	
0.000000	0.000000	-2569.576618	-2432.047228	2569.576083	2432.046029	2432.038297	-2569.575047	-2432.037098	2569.574512	
0.000000	0.000000	-2552.307184	-2435.160551	2552.306642	2435.159339	2435.151534	-2552.305590	-2435.150322	2552.305047	
0.000000	0.000000	-2534.964977	-2438.204441	2534.964428	2438.203216	2438.195337	-2534.963359	-2438.194112	2534.962809	
0.000000	0.000000	-2517.549848	-2441.178192	2517.549291	2441.176953	2441.169000	-2517.548206	-2441.167761	2517.547648	
0.000000	0.000000	-2500.061647	-2444.081088	2500.061082	2444.079836	2444.071807	-2500.059980	-2444.070555	2500.059415	
0.000000	0.000000	-2482.500226	-2446.912403	2482.499653	2446.911137	2446.903032	-2482.498534	-2446.901767	2482.497962	
0.000000	0.000000	-2464.865436	-2449.671402	2464.864856	2449.670122	2449.661940	-2464.863720	-2449.660661	2464.863140	
0.000000	0.000000	-2447.157132	-2452.357339	2447.156544	2452.356046	2452.347786	-2447.155390	-2452.346492	2447.154802	
0.000000	0.000000	-2429.375167	-2454.969459	2429.374571	2454.968151	2454.959812	-2429.373399	-2454.958505	2429.372804	
0.000000	0.000000	-2411.519395	-2457.506994	2411.518791	2457.505672	2457.497254	-2411.517601	-2457.495932	2411.516998	
0.000000	0.000000	-2393.589673	-2459.969168	2393.589061	2459.967832	2459.959334	-2393.587852	-2459.957997	2393.587241	
0.000000	0.000000	-2375.585856	-2462.355194	2375.585236	2462.353843	2462.345263	-2375.584009	-2462.343912	2375.583389	
0.000000	0.000000	-2357.507803	-2464.664272	2357.507175	2464.662906	2464.654244	-2357.505929	-2464.652878	2357.505301	
0.000000	0.000000	-2339.355373	-2466.895592	2339.354736	2466.894211	2466.885465	-2339.353471	-2466.884084	2339.352835	
0.000000	0.000000	-2321.128426	-2469.048332	2321.127781	2469.046936	2469.038106	-2321.126496	-2469.036710	2321.125851	
0.000000	0.000000	-2302.826823	-2471.121660	2302.826170	2471.120248	2471.111333	-2302.824865	-2471.109921	2302.824212	
0.000000	0.000000	-2284.450429	-2473.114729	2284.449767	2473.113301	2473.104301	-2284.448443	-2473.102874	2284.447781	
0.000000	0.000000	-2265.999107	-2475.026683	2265.998437	2475.025240	2475.016153	-2265.997092	-2475.014709	2265.996421	
0.000000	0.000000	-2247.472725	-2476.856653	2247.472045	2476.855193	2476.846018	-2247.470680	-2476.844558	2247.470000	
0.000000	0.000000	-2228.871149	-2478.603754	2228.870461	2478.602278	2478.593014	-2228.869075	-2478.591538	2228.868386	
0.000000	0.000000	-2210.194251	-2480.267094	2210.193553	2480.265601	2480.256247	-2210.192146	-2480.254754	2210.191449	
0.000000	0.000000	-2191.441901	-2481.845763	2191.441195	2481.844254	2481.834808	-2191.439766	-2481.833299	2191.439060	
0.000000	0.000000	-2172.613975	-2483.338840	2172.613259	2483.337314	2483.327776	-2172.611810	-2483.326250	2172.611094	
0.000000	0.000000	-2153.710349	-2484.745390	2153.709624	2484.743846	2484.734216	-2153.708152	-2484.732672	2153.707427	
0.000000	0.000000	-2134.730901	-2486.064464	2134.730166	2486.062903	2486.053178	-2134.728672	-2486.051616	2134.727937	
0.000000	0.000000	-2115.675512	-2487.295100	2115.674767	2487.293520	2487.283700	-2115.673251	-2487.282120	2115.672507	
0.000000	0.000000	-2096.544066	-2488.436318	2096.543312	2488.434721	2488.424804	-2096.541773	-2488.423206	2096.541019	
0.000000	0.000000	-2077.336450	-2489.487129	2077.335686	2489.485513	2489.475498	-2077.334124	-2489.473882	2077.333360	
0.000000	0.000000	-2058.052553	-2490.446524	2058.051779	2490.444890	2490.434775	-2058.050194	-2490.433141	2058.049420	
0.000000	0.000000	-2038.692267	-2491.313481	2038.691483	2491.311828	2491.301614	-2038.689874	-2491.299961	2038.689091	
0.000000	0.000000	-2019.255489	-2492.086963	2019.254695	2492.085291	2492.074975	-2019.253062	-2492.073303	2019.252268	
0.000000	0.000000	-1999.742116	-2492.765916	1999.741312	2492.764225	2492.753805	-1999.739655	-2492.752114	1999.738851	
0.000000	0.000000	-1980.152053	-2493.349271	1980.151238	2493.347559	2493.337036	-1980.149557	-2493.335324	1980.148742	
0.000000	0.000000	-1960.485205	-2493.835940	1960.484380	2493.834208	2493.823579	-1960.482673	-2493.821848	1960.481848	
0.000000	0.000001	-1940.741482	-2494.224820	1940.740646	2494.223069	2494.212333	-1940.738915	-2494.210581	1940.738079	
0.000000	0.000001	-1920.920800	-2494.514793	1920.919953	2494.513021	2494.502176	-1920.918196	-2494.500404	1920.917350	
0.000000	0.000001	-1901.023076	-2494.704719	1901.022218	2494.702926	2494.691972	-1901.020436	-2494.690179	1901.019578	
0.000000	0.000001	-1881.048234	-2494.793444	1881.047365	2494.791630	2494.780564	-1881.045557	-2494.778750	1881.044688	
0.000000	0.000001	-1860.996202	-2494.779793	1860.995322	2494.777958	2494.766779	-1860.993487	-2494.764943	1860.992608	
0.000000	0.000001	-1840.866913	-2494.662575	1840.866022	2494.660717	2494.649425	-1840.864161	-2494.647567	1840.863270	
0.000000	0.000001	-1820.660306	-2494.440578	1820.659403	2494.438698	2494.427290	-1820.657515	-2494.425410	1820.656613	
0.000000	0.000001	-1800.376323	-2494.112571	1800.375410	2494.110669	2494.099143	-1800.373494	-2494.097240	1800.372580	
0.000000	0.000001	-1780.014916	-2493.677305	1780.013990	2493.675380	2493.663735	-1780.012047	-2493.661809	1780.011122	
0.000000	0.000001	-1759.576038	-2493.133509	1759.575101	2493.131560	2493.119794	-1759.573129	-2493.117846	1759.572193	
0.000000	0.000001	-1739.059652	-2492.479891	1739.058703	2492.477919	2492.466031	-1739.056703	-2492.464059	1739.055755	
0.000000	0.000001	-1718.465726	-2491.715141	1718.464765	2491.713145	2491.701133	-1718.462737	-2491.699137	1718.461776	
0.000000	0.000001	-1697.794236	-2490.837925	1697.793263	2490.835905	2490.823767	-1697.791206	-2490.821746	1697.790233	
0.000000	0.000001	-1677.045163	-2489.846889	1677.044178	2489.844843	2489.832577	-1677.042092	-2489.830532	1677.041107	
0.000000	0.000001	-1656.218499	-2488.740654	1656.217501	2488.738583	2488.726188	-1656.215385	-2488.724117	1656.214388	
0.000000	0.000001	-1635.314240	-2487.517821	1635.313229	2487.515724	2487.503197	-1635.311084	-2487.501101	1635.310074	
0.000000	0.000001	-1614.332393	-2486.176966	1614.331370	2486.174843	2486.162184	-1614.329194	-2486.160061	1614.328172	
0.000000	0.000001	-1593.272972	-2484.716644	1593.271936	2484.714494	2484.701699	-1593.269731	-2484.699550	1593.268696	
0.000000	0.000001	-1572.136002	-2483.135382	1572.134953	2483.133206	2483.120273	-1572.132717	-2483.118097	1572.131669	
0.000000	0.000001	-1550.921515	-2481.431686	1550.920454	2481.429482	2481.416410	-1550.918187	-2481.414207	1550.917125	
0.000000	0.000001	-1529.629555	-2479.604034	1529.628481	2479.601803	2479.588589	-1529.626182	-2479.586358	1529.625108	
0.000000	0.000001	-1508.260175	-2477.650881	1508.259087	2477.648621	2477.635264	-1508.256757	-2477.633004	1508.255669	
0.000000	0.000001	-1486.813439	-2475.570653	1486.812337	2475.568364	2475.554861	-1486.809975	-2475.552572	1486.808874	
0.000000	0.000001	-1465.289422	-2473.361751	1465.288306	2473.359432	2473.345781	-1465.285912	-2473.343463	1465.284798	
0.000000	0.000001	-1443.688210	-2471.022548	1443.687082	2471.020200	2471.006397	-1443.684655	-2471.004049	1443.683527	
0.000000	0.000001	-1422.009905	-2468.551389	1422.008762	2468.549011	2468.535056	-1422.006303	-2468.532677	1422.005161	
0.000000	0.000001	-1400.254616	-2465.946592	1400.253460	2465.944183	2465.930072	-1400.250968	-2465.927663	1400.249812	
0.000000	0.000001	-1378.422471	-2463.206444	1378.421300	2463.204003	2463.189735	-1378.418775	-2463.187294	1378.417605	
0.000000	0.000001	-1356.513607	-2460.329204	1356.512422	2460.326731	2460.312302	-1356.509864	-2460.309829	1356.508680	
0.000000	0.000001	-1334.528180	-2457.313098	1334.526981	2457.310592	2457.296000	-1334.524389	-2457.293495	1334.523190	
0.000000	0.000001	-1312.466358	-2454.156324	1312.465145	2454.153785	2454.139027	-1312.462519	-2454.136488	1312.461305	
0.000000	0.000001	-1290.328327	-2450.857047	1290.327098	2450.854474	2450.839548	-1290.324438	-2450.836975	1290.323211	
0.000000	0.000001	-1268.114287	-2447.413400	1268.113044	2447.410793	2447.395696	-1268.110350	-2447.393088	1268.109108	
0.000000	0.000001	-1245.824459	-2443.823484	1245.823201	2443.820842	2443.805570	-1245.820472	-2443.802927	1245.819215	
0.000000	0.000001	-1223.459079	-2440.085364	1223.457806	2440.082686	2440.067237	-1223.455043	-2440.064559	1223.453770	
0.000000	0.000001	-1201.018403	-2436.197074	1201.017115	2436.194359	2436.178730	-1201.014317	-2436.176015	1201.013030	
0.000000	0.000001	-1178.502707	-2432.156609	1178.501404	2432.153857	2432.138045	-1178.498571	-2432.135293	1178.497268	
0.000000	0.000001	-1155.912288	-2427.961932	1155.910969	2427.959142	2427.943143	-1155.908101	-2427.940354	1155.906783	
0.000000	0.000001	-1133.247462	-2423.610968	1133.246128	2423.608139	2423.591950	-1133.243224	-2423.589122	1133.241891	
0.000000	0.000001	-1110.508571	-2419.101604	1110.507222	2419.098736	2419.082354	-1110.504283	-2419.079486	1110.502934	
0.000000	0.000001	-1087.695979	-2414.431690	1087.694613	2414.428782	2414.412203	-1087.691639	-2414.409296	1087.690274	
0.000000	0.000001	-1064.810072	-2409.599037	1064.808691	2409.596088	2409.579309	-1064.805681	-2409.576361	1064.804301	
0.000000	0.000001	-1041.851266	-2404.601417	1041.849870	2404.598426	2404.581444	-1041.846824	-2404.578453	1041.845428	
0.000000	0.000001	-1018.820001	-2399.436560	1018.818589	2399.433527	2399.416337	-1018.815507	-2399.413304	1018.814096	
0.000000	0.000001	-995.716746	-2394.102157	995.715317	2394.099081	2394.081679	-995.712200	-2394.078603	995.710772	
0.000000	0.000002	-972.541996	-2388.595855	972.540552	2388.592735	2388.575118	-972.537399	-2388.571997	972.535955	
0.000000	0.000002	-949.296282	-2382.915260	949.294821	2382.912094	2382.894258	-949.291633	-2382.891092	949.290173	
0.000000	0.000002	-925.980161	-2377.057932	925.978684	2377.054720	2377.036661	-925.975461	-2377.033449	925.973984	
0.000000	0.000002	-902.594227	-2371.021389	902.592734	2371.018130	2370.999843	-902.589475	-2370.996584	902.587983	
0.000000	0.000002	-879.139108	-2364.803101	879.137597	2364.799795	2364.781275	-879.134304	-2364.777969	879.132795	
0.000000	0.000002	-855.615465	-2358.400495	855.613939	2358.397139	2358.378383	-855.610611	-2358.375027	855.609085	
0.000000	0.000002	-832.024002	-2351.810947	832.022459	2351.807541	2351.788544	-832.019096	-2351.785138	832.017554	
0.000000	0.000002	-808.365457	-2345.031787	808.363898	2345.028331	2345.009087	-808.360501	-2345.005630	808.358942	
0.000000	0.000002	-784.640614	-2338.060296	784.639037	2338.056788	2338.037293	-784.635607	-2338.033785	784.634032	
0.000000	0.000002	-760.850296	-2330.893706	760.848703	2330.890144	2330.870393	-760.845239	-2330.866831	760.843647	
0.000000	0.000002	-736.995372	-2323.529195	736.993763	2323.525578	2323.505567	-736.990266	-2323.501951	736.988658	
0.000000	0.000002	-713.076760	-2315.963892	713.075134	2315.960220	2315.939942	-713.071605	-2315.936270	713.069980	
0.000000	0.000002	-689.095425	-2308.194872	689.093782	2308.191144	2308.170594	-689.090221	-2308.166866	689.088579	
0.000000	0.000002	-665.052382	-2300.219159	665.050723	2300.215373	2300.194545	-665.047130	-2300.190759	665.045472	
0.000000	0.000002	-640.948702	-2292.033719	640.947026	2292.029874	2292.008763	-640.943403	-2292.004918	640.941729	
0.000000	0.000002	-616.785510	-2283.635465	616.783818	2283.631559	2283.610159	-616.780166	-2283.606253	616.778474	
0.000000	0.000002	-592.563991	-2275.021252	592.562281	2275.017284	2274.995590	-592.558601	-2274.991622	592.556893	
0.000000	0.000002	-568.285387	-2266.187880	568.283662	2266.183849	2266.161853	-568.279953	-2266.157822	568.278229	
0.000000	0.000002	-543.951009	-2257.132090	543.949267	2257.127994	2257.105690	-543.945532	-2257.101594	543.943791	
0.000000	0.000002	-519.562230	-2247.850563	519.560472	2247.846401	2247.823783	-519.556711	-2247.819621	519.554954	
0.000000	0.000002	-495.120494	-2238.339923	495.118720	2238.335693	2238.312753	-495.114935	-2238.308523	495.113162	
0.000000	0.000003	-470.627317	-2228.596730	470.625527	2228.592431	2228.569162	-470.621719	-2228.564864	470.619931	
0.000000	0.000003	-446.084293	-2218.617486	446.082487	2218.613116	2218.589512	-446.078657	-2218.585143	446.076853	
0.000000	0.000003	-421.493090	-2208.398629	421.491269	2208.394187	2208.370240	-421.487420	-2208.365798	421.485600	
0.000000	0.000003	-396.855464	-2197.936536	396.853627	2197.932020	2197.907722	-396.849760	-2197.903206	396.847925	
0.000000	0.000003	-372.173254	-2187.227520	372.171402	2187.222928	2187.198272	-372.167519	-2187.193680	372.165669	
0.000000	0.000003	-347.448389	-2176.267830	347.446523	2176.263160	2176.238137	-347.442626	-2176.233467	347.440761	
0.000000	0.000003	-322.682895	-2165.053649	322.681014	2165.048900	2165.023502	-322.677105	-2165.018753	322.675226	
0.000000	0.000003	-297.878892	-2153.581099	297.876997	2153.576269	2153.550486	-297.873079	-2153.545657	297.871185	
0.000000	0.000003	-273.038607	-2141.846233	273.036698	2141.841320	2141.815145	-273.032773	-2141.810232	273.030866	
0.000000	0.000003	-248.164371	-2129.845042	248.162449	2129.840043	2129.813467	-248.158519	-2129.808468	248.156599	
0.000000	0.000003	-223.258628	-2117.573448	223.256693	2117.568362	2117.541374	-223.252762	-2117.536289	223.250829	
-0.000000	0.000003	-198.323940	-2105.027309	198.321993	2105.022133	2104.994725	-198.318064	-2104.989550	198.316118	
-0.000000	0.000003	-173.362989	-2092.202417	173.361030	2092.197150	2092.169311	-173.357106	-2092.164044	173.355149	
-0.000000	0.000003	-148.378586	-2079.094499	148.376616	2079.089138	2079.060858	-148.372701	-2079.055498	148.370733	
-0.000000	0.000004	-123.373675	-2065.699216	123.371694	2065.693759	2065.665028	-123.367792	-2065.659571	123.365814	
-0.000000	0.000004	-98.351338	-2052.012165	98.349347	2052.006610	2051.977416	-98.345462	-2051.971861	98.343474	
-0.000000	0.000004	-73.314803	-2038.028879	73.312803	2038.023223	2037.993556	-73.308940	-2037.987900	73.306942	
-0.000000	0.000004	-48.267448	-2023.744827	48.265440	2023.739067	2023.708915	-48.261603	-2023.703156	48.259597	
-0.000000	0.000004	-23.212810	-2009.155417	23.210794	2009.149551	2009.118902	-23.206989	-2009.113037	23.204976	
-0.000000	0.000004	1.845409	-1994.255995	-1.847432	1994.250021	1994.218863	1.851200	-1994.212889	-1.853220	
-0.000000	0.000004	26.903338	-1979.041850	-26.905365	1979.035764	1979.004085	26.909091	-1978.998000	-26.911116	
-0.000000	0.000004	51.956923	-1963.508212	-51.958955	1963.502012	1963.469798	51.962632	-1963.463599	-51.964661	
-0.000001	0.000004	77.001926	-1947.650257	-77.003961	1947.643940	1947.611178	77.007583	-1947.604862	-77.009615	
-0.000001	0.000004	102.033914	-1931.463107	-102.035951	1931.456670	1931.423348	102.039510	-1931.416912	-102.041544	
-0.000001	0.000005	127.048252	-1914.941837	-127.050290	1914.935277	1914.901379	127.053778	-1914.894820	-127.055813	
-0.000001	0.000005	152.040092	-1898.081474	-152.042129	1898.074788	1898.040300	152.045539	-1898.033615	-152.047573	
-0.000001	0.000005	177.004369	-1880.877002	-177.006403	1880.870186	1880.835094	177.009726	-1880.828280	-177.011757	
-0.000001	0.000005	201.935786	-1863.323368	-201.937817	1863.316420	1863.280708	201.941043	-1863.273761	-201.943070	
-0.000001	0.000005	226.828813	-1845.415485	-226.830837	1845.408401	1845.372054	226.833957	-1845.364971	-226.835978	
-0.000001	0.000005	251.677668	-1827.148238	-251.679684	1827.141015	1827.104016	251.682688	-1827.096793	-251.684701	
-0.000001	0.000005	276.476315	-1808.516489	-276.478322	1808.509123	1808.471456	276.481198	-1808.464091	-276.483201	
-0.000001	0.000005	301.218452	-1789.515085	-301.220446	1789.507572	1789.469220	301.223183	-1789.461708	-301.225174	
-0.000001	0.000006	325.897497	-1770.138863	-325.899477	1770.131199	1770.092145	325.902062	-1770.084483	-325.904038	
-0.000002	0.000006	350.506585	-1750.382660	-350.508548	1750.374842	1750.335068	350.510968	-1750.327252	-350.512927	
-0.000002	0.000006	375.038551	-1730.241321	-375.040495	1730.233345	1730.192833	375.042735	-1730.184858	-375.044674	
-0.000002	0.000006	399.485924	-1709.709708	-399.487845	1709.701571	1709.660301	399.489890	-1709.652165	-399.491807	
-0.000002	0.000006	423.840912	-1688.782713	-423.842808	1688.774410	1688.732364	423.844642	-1688.724062	-423.846533	
-0.000002	0.000006	448.095397	-1667.455265	-448.097264	1667.446791	1667.403950	448.098870	-1667.395478	-448.100732	
-0.000002	0.000006	472.240920	-1645.722346	-472.242754	1645.713698	1645.670042	472.244114	-1645.661395	-472.245944	
-0.000002	0.000006	496.268671	-1623.579003	-496.270470	1623.570176	1623.525684	496.271564	-1623.516859	-496.273359	
-0.000003	0.000007	520.169482	-1601.020364	-520.171241	1601.011353	1600.966005	520.172049	-1600.956997	-520.173803	
-0.000003	0.000007	543.933811	-1578.041652	-543.935526	1578.032453	1577.986228	543.936027	-1577.977032	-543.937737	
-0.000003	0.000007	567.551738	-1554.638203	-567.553405	1554.628812	1554.581688	567.553574	-1554.572299	-567.555237	
-0.000003	0.000007	591.012952	-1530.805485	-591.014566	1530.795897	1530.747852	591.014380	-1530.738267	-591.015989	
-0.000003	0.000007	614.306743	-1506.539118	-614.308299	1506.529328	1506.480341	614.307732	-1506.470554	-614.309283	
-0.000003	0.000007	637.421992	-1481.834893	-637.423486	1481.824897	1481.774944	637.422509	-1481.764952	-637.423997	
-0.000004	0.000007	660.347168	-1456.688797	-660.348593	1456.678590	1456.627650	660.347178	-1456.617446	-660.348598	
-0.000004	0.000008	683.070315	-1431.097038	-683.071665	1431.086615	1431.034664	683.069782	-1431.024245	-683.071127	
-0.000004	0.000008	705.579051	-1405.056066	-705.580321	1405.045423	1404.992439	705.577936	-1404.981799	-705.579200	
-0.000004	0.000008	727.860561	-1378.562608	-727.861743	1378.551740	1378.497699	727.858822	-1378.486833	-727.859999	
-0.000005	0.000008	749.901595	-1351.613690	-749.902683	1351.602590	1351.547470	749.899189	-1351.536375	-749.900271	
-0.000005	0.000008	771.688464	-1324.206669	-771.689451	1324.195335	1324.139111	771.685346	-1324.127781	-771.686326	
-0.000005	0.000008	793.207046	-1296.339269	-793.207922	1296.327695	1296.270346	793.203166	-1296.258776	-793.204036	
-0.000006	0.000009	814.442779	-1268.009611	-814.443539	1267.997792	1267.939295	814.438087	-1267.927480	-814.438840	
-0.000006	0.000009	835.380676	-1239.216250	-835.381309	1239.204181	1239.144513	835.375117	-1239.132449	-835.375743	
-0.000006	0.000009	856.005322	-1209.958207	-856.005819	1209.945884	1209.885023	855.998840	-1209.872705	-855.999331	
-0.000007	0.000009	876.300889	-1180.235015	-876.301242	1180.222434	1180.160357	876.293425	-1180.147781	-876.293771	
-0.000007	0.000009	896.251150	-1150.046750	-896.251348	1150.033906	1149.970594	896.242640	-1149.957755	-896.242831	
-0.000007	0.000009	915.839489	-1119.394076	-915.839522	1119.380964	1119.316396	915.829867	-1119.303291	-915.829892	
-0.000008	0.000009	935.048923	-1088.278283	-935.048780	1088.264900	1088.199056	935.038120	-1088.185680	-935.037970	
-0.000008	0.000009	953.862128	-1056.701328	-953.861797	1056.687671	1056.620533	953.850072	-1056.606882	-953.849733	
-0.000009	0.000010	972.261460	-1024.665880	-972.260929	1024.651944	1024.583495	972.248075	-1024.569566	-972.247536	
-0.000009	0.000010	990.228991	-992.175357	-990.228247	992.161139	992.091363	990.214197	-992.077152	-990.213446	
-0.000010	0.000010	1007.746539	-959.233967	-1007.745571	959.219464	959.148347	1007.730254	-959.133852	-1007.729278	
-0.000010	0.000010	1024.795715	-925.846752	-1024.794507	925.831962	925.759491	1024.777853	-925.744709	-1024.776637	
-0.000011	0.000010	1041.357961	-892.019622	-1041.356500	892.004542	891.930707	1041.338431	-891.915636	-1041.336961	
-0.000011	0.000010	1057.414601	-857.759394	-1057.412873	857.744024	857.668816	1057.393310	-857.653454	-1057.391573	
-0.000012	0.000010	1072.946899	-823.073828	-1072.944887	823.058164	822.981577	1072.923750	-822.965924	-1072.921729	
-0.000012	0.000010	1087.936110	-787.971651	-1087.933800	787.955695	787.877725	1087.911003	-787.861779	-1087.908683	
-0.000013	0.000010	1102.363553	-752.462596	-1102.360927	752.446346	752.366994	1102.336382	-752.350755	-1102.333748	
-0.000013	0.000010	1116.210669	-716.557416	-1116.207711	716.540873	716.460140	1116.181328	-716.443609	-1116.178362	
-0.000014	0.000010	1129.459100	-680.267907	-1129.455794	680.251072	680.168965	1129.427479	-680.152142	-1129.424164	
-0.000015	0.000010	1142.090763	-643.606922	-1142.087091	643.589797	643.506324	1142.056749	-643.489212	-1142.053067	
-0.000015	0.000010	1154.087930	-606.588376	-1154.083874	606.570963	606.486139	1154.051404	-606.468740	-1154.047339	
-0.000016	0.000010	1165.433307	-569.227250	-1165.428848	569.209553	569.123394	1165.394151	-569.105712	-1165.389683	
-0.000017	0.000010	1176.110122	-531.539581	-1176.105242	531.521604	531.434132	1176.068214	-531.416171	-1176.063325	
-0.000018	0.000010	1186.102210	-493.542452	-1186.096891	493.524200	493.435442	1186.057426	-493.417206	-1186.052097	
-0.000018	0.000010	1195.394100	-455.253968	-1195.388322	455.235447	455.145432	1195.346314	-455.126928	-1195.340526	
-0.000019	0.000009	1203.971101	-416.693225	-1203.964845	416.674442	416.583206	1203.920184	-416.564441	-1203.913919	
-0.000020	0.000009	1211.819386	-377.880275	-1211.812633	377.861237	377.768822	1211.765210	-377.749802	-1211.758448	
-0.000021	0.000009	1218.926080	-338.836075	-1218.918810	338.816791	338.723242	1218.868514	-338.703978	-1218.861236	
-0.000022	0.000009	1225.279333	-299.582434	-1225.271528	299.562915	299.468283	1225.218248	-299.448784	-1225.210434	
-0.000022	0.000008	1230.868404	-260.141950	-1230.860045	260.122205	260.026549	1230.803668	-260.006826	-1230.795300	
-0.000023	0.000008	1235.683725	-220.537936	-1235.674791	220.517977	220.421357	1235.615207	-220.401422	-1235.606265	
-0.000024	0.000008	1239.716968	-180.794340	-1239.707441	180.774181	180.676666	1239.644538	-180.656531	-1239.635004	
-0.000025	0.000007	1242.961101	-140.935665	-1242.950964	140.915318	140.816982	1242.884631	-140.796661	-1242.874487	
-0.000026	0.000007	1245.410441	-100.986870	-1245.399675	100.966351	100.867273	1245.329803	-100.846781	-1245.319030	
-0.000027	0.000006	1247.060687	-60.973279	-1247.049275	60.952604	60.852869	1246.975757	-60.832221	-1246.964339	
-0.000028	0.000006	1247.908959	-20.920477	-1247.896883	20.899662	20.799360	1247.819614	-20.778574	-1247.807532	
-0.000029	0.000005	1247.953810	19.145793	-1247.941055	-19.166731	-19.267505	1247.859930	19.288412	-1247.847169	
-0.000030	0.000005	1247.195244	59.199738	-1247.181793	-59.220780	-59.321925	1247.096712	59.342935	-1247.083257	
-0.000030	0.000004	1245.634711	99.215617	-1245.620549	-99.236744	-99.338153	1245.531415	99.359247	-1245.517250	
-0.000031	0.000003	1243.275097	139.167847	-1243.260211	-139.189040	-139.290604	1243.166929	139.311761	-1243.152040	
-0.000032	0.000003	1240.120706	179.031114	-1240.105083	-179.052350	-179.153954	1240.007562	179.175154	-1239.991936	
-0.000033	0.000002	1236.177226	218.780462	-1236.160852	-218.801722	-218.903246	1236.059007	218.924468	-1236.042632	
-0.000034	0.000001	1231.451689	258.391401	-1231.434553	-258.412663	-258.513982	1231.328301	258.535205	-1231.311165	
-0.000035	0.000000	1225.952423	297.839990	-1225.934514	-297.861231	-297.962221	1225.823777	297.983422	-1225.805870	
-0.000036	-0.000001	1219.688993	337.102929	-1219.670302	-337.124127	-337.224656	1219.555007	337.245812	-1219.536319	
-0.000037	-0.000002	1212.672138	376.157633	-1212.652656	-376.178765	-376.278699	1212.532735	376.299788	-1212.513257	
-0.000038	-0.000003	1204.913700	414.982306	-1204.893419	-415.003348	-415.102552	1204.768810	415.123550	-1204.748534	
-0.000038	-0.000004	1196.426547	453.556004	-1196.405462	-453.576932	-453.675268	1196.276104	453.696150	-1196.255026	
-0.000039	-0.000005	1187.224494	491.858688	-1187.202599	-491.879479	-491.976807	1187.068441	491.997551	-1187.046554	
-0.000040	-0.000006	1177.322221	529.871275	-1177.299510	-529.891906	-529.988082	1177.160505	530.008664	-1177.137803	
-0.000041	-0.000007	1166.735182	567.575674	-1166.711652	-567.596120	-567.691002	1166.567757	567.711398	-1166.544239	
-0.000042	-0.000008	1155.479526	604.954813	-1155.455174	-604.975051	-605.068496	1155.306352	605.088682	-1155.282014	
-0.000042	-0.000009	1143.572004	641.992666	-1143.546830	-642.012672	-642.104534	1143.393049	642.124487	-1143.367890	
-0.000043	-0.000011	1131.029889	678.674263	-1131.003890	-678.694013	-678.784148	1130.845124	678.803843	-1130.819143	
-0.000044	-0.000012	1117.870885	714.985696	-1117.844063	-715.005167	-715.093429	1117.680290	715.112845	-1117.653488	
-0.000044	-0.000013	1104.113052	750.914120	-1104.085408	-750.933289	-751.019534	1103.916611	751.038646	-1103.888989	
-0.000045	-0.000015	1089.774720	786.447743	-1089.746256	-786.466588	-786.550671	1089.572424	786.569457	-1089.543984	
-0.000046	-0.000016	1074.874420	821.575815	-1074.845138	-821.594313	-821.676091	1074.666264	821.694529	-1074.637008	
-0.000046	-0.000017	1059.430806	856.288607	-1059.400709	-856.306735	-856.386067	1059.216791	856.404135	-1059.186724	
-0.000047	-0.000019	1043.462590	890.577388	-1043.431683	-890.595126	-890.671869	1043.242724	890.689545	-1043.211849	
